# This file may be used to create an environment using:
# $ conda create --name <env> --file <this file>
# platform: win-64
asgiref=3.7.2=pyhd8ed1ab_0
backports.zoneinfo=0.2.1=py39hcbf5309_8
bzip2=1.0.8=hcfcfb64_5
ca-certificates=2024.2.2=h56e8100_0
django=4.2.8=pyhd8ed1ab_0
libffi=3.4.2=h8ffe710_5
libsqlite=3.45.2=hcfcfb64_0
libzlib=1.2.13=hcfcfb64_5
openssl=3.2.1=hcfcfb64_1
pip=24.0=pyhd8ed1ab_0
python=3.9.15=h4de0772_0_cpython
python_abi=3.9=4_cp39
setuptools=69.2.0=pyhd8ed1ab_0
sqlparse=0.4.4=pyhd8ed1ab_0
tk=8.6.13=h5226925_1
typing_extensions=4.10.0=pyha770c72_0
tzdata=2024a=h0c530f3_0
ucrt=10.0.22621.0=h57928b3_0
vc=14.3=hcf57466_18
vc14_runtime=14.38.33130=h82b7239_18
vs2015_runtime=14.38.33130=hcb4865c_18
wheel=0.42.0=pyhd8ed1ab_0
xz=5.2.6=h8d14728_0
