# This file may be used to create an environment using:
# $ conda create --name <env> --file <this file>
# platform: win-64
asgiref=3.8.1=pypi_0
backports-zoneinfo=0.2.1=pypi_0
bzip2=1.0.8=hcfcfb64_5
ca-certificates=2024.2.2=h56e8100_0
django=4.2.11=pypi_0
filelock=3.13.3=pypi_0
fsspec=2024.3.1=pypi_0
jinja2=3.1.3=pypi_0
libffi=3.4.2=h8ffe710_5
libsqlite=3.45.2=hcfcfb64_0
libzlib=1.2.13=hcfcfb64_5
markupsafe=2.1.5=pypi_0
mpmath=1.3.0=pypi_0
networkx=3.1=pypi_0
numpy=1.24.4=pypi_0
opencv-python=4.9.0.80=pypi_0
openssl=3.2.1=hcfcfb64_1
pillow=10.2.0=pypi_0
pip=24.0=pyhd8ed1ab_0
python=3.8.19=h4de0772_0_cpython
setuptools=69.2.0=pyhd8ed1ab_0
sqlparse=0.4.4=pypi_0
sympy=1.12=pypi_0
tk=8.6.13=h5226925_1
torch=2.2.1+cu121=pypi_0
torchgeometry=0.1.2=pypi_0
torchvision=0.17.1=pypi_0
typing-extensions=4.10.0=pypi_0
tzdata=2024.1=pypi_0
ucrt=10.0.22621.0=h57928b3_0
vc=14.3=hcf57466_18
vc14_runtime=14.38.33130=h82b7239_18
vs2015_runtime=14.38.33130=hcb4865c_18
wheel=0.43.0=pyhd8ed1ab_0
xz=5.2.6=h8d14728_0
